    0.334809    1.97546
    -0.392828    1.70211
    0.161951    2.12911
    -0.474169    0.578385
    0.086275    1.89097
    -0.0202453    0.541037
    -0.719247    1.23389
    -0.662675    0.708262
    -0.399587    0.411958
    -0.626354    1.03297
    -1.01802    0.509989
    -1.01065    1.13517
    -2.08196    1.57411
    -1.24379    0.903311
    -1.48995    1.93904
    -1.04652    0.485117
    -0.815425    1.19482
    0.218592    0.334679
    0.333258    0.538755
    -1.0714    1.51301
    0.776652    -0.969271
    0.471491    0.9576
    0.961989    0.338477
    1.05572    1.29618
    -0.259797    0.667766
    0.127168    0.94679
    -0.721327    1.027
    1.40725    1.21894
    0.189031    2.36419
    0.0568166    0.859917
    0.311355    0.723733
    -0.658404    1.92652
